     1    128     96


 1

     1      6    -4.3317134795   0.013145004486       1.6826  AAAAAA
     2      1    -7.4786143151   0.000565039841       0.0723  AAAAAD
     3      1    -6.0240035787   0.002419961668       0.3098  AAAAAS
     4      1   -10.8892854286   0.000018657069       0.0024  AAAAEK
     5      1    -7.5991021999   0.000500900941       0.0641  AAAAGA
     6      1    -6.9007924371   0.001006987139       0.1289  AAAATA
     7      1   -10.7632467219   0.000021163200       0.0027  AAAQAS
     8      1   -14.5563809360   0.000000476699       0.0001  ATATAD
     9      8    -4.7558354708   0.008601355509       1.1010  CCCCCC
    10      2    -4.4360766657   0.011842308834       1.5158  DDDDDD
    11      1    -6.4880788167   0.001521469223       0.1947  DDDDED
    12      1    -9.9632766642   0.000047098158       0.0060  DDDDSN
    13      1   -14.0078240576   0.000000825048       0.0001  DDDQKD
    14      1    -8.5459345521   0.000194333549       0.0249  DDDSDD
    15      1   -11.3999233842   0.000011196343       0.0014  DNNNDN
    16      2    -4.1126037537   0.016365108293       2.0947  EEEEEE
    17      1    -7.6789818221   0.000462445511       0.0592  EEEEES
    18      1   -19.0384610192   0.000000005391       0.0000  EQRQEG
    19      1   -17.6889044557   0.000000020788       0.0000  EQRQKR
    20      1    -4.1403610189   0.015917104091       2.0374  FFFFFF
    21      1    -7.1370004753   0.000795133546       0.1018  FFFYFF
    22      1   -19.4903902481   0.000000003431       0.0000  GDGNSN
    23      1    -6.4999119602   0.001503571561       0.1925  GGGGGE
    24      4    -3.5563829677   0.028541875116       3.6534  GGGGGG
    25      1    -7.1182576900   0.000810177102       0.1037  GGGGGN
    26      1    -8.8252767089   0.000146970788       0.0188  GGGGSA
    27      1   -11.1293085423   0.000014675831       0.0019  GGGGTN
    28      1   -10.5379436613   0.000026511190       0.0034  GGGNGS
    29      1   -13.7658525323   0.000001050912       0.0001  GGGRNS
    30      1   -12.4737175794   0.000003825897       0.0005  HHHGHN
    31      1    -9.9327456773   0.000048558288       0.0062  HHRHHH
    32      1    -4.6880367095   0.009204740007       1.1782  IIIIII
    33      2    -6.3341854102   0.001774590814       0.2271  IIIIIL
    34      1    -7.1205344827   0.000808334595       0.1035  IIIIIM
    35      1   -10.6828006942   0.000022936049       0.0029  IILIVI
    36      1   -12.0788845823   0.000005678153       0.0007  IIVTVV
    37      4    -4.1168014207   0.016296556996       2.0860  KKKKKK
    38      1    -9.9604835850   0.000047229891       0.0060  KKKQKE
    39      1   -17.5077934557   0.000000024915       0.0000  KQQREA
    40      1   -13.1403054065   0.000001964436       0.0003  KRRRHK
    41      1   -13.0770958414   0.000002092615       0.0003  KRRRKA
    42      1   -18.4532311705   0.000000009680       0.0000  KRRYKG
    43      1    -6.8753647540   0.001032920808       0.1322  LLLFLL
    44      3    -3.3436722432   0.035307063243       4.5193  LLLLLL
    45      1    -6.2498174285   0.001930806614       0.2471  LLLLLM
    46      1    -7.0985683159   0.000826287059       0.1058  LLLLML
    47      1   -13.3582264339   0.000001579778       0.0002  LLLNLQ
    48      1   -12.4976518011   0.000003735414       0.0005  LLMMLM
    49      1    -8.4402716921   0.000215991459       0.0276  NDDDDD
    50      1   -12.4554617474   0.000003896383       0.0005  NDDDNE
    51      1   -10.0162263845   0.000044669198       0.0057  NNNDDN
    52      1    -9.5885046616   0.000068511793       0.0088  NNNDNK
    53      1    -7.4844805071   0.000561734911       0.0719  NNNDNN
    54      1    -7.9828298442   0.000341272307       0.0437  NNNNDD
    55      1    -7.0978771073   0.000826858393       0.1058  NNNNNK
    56      3    -4.9934781473   0.006782034507       0.8681  NNNNNN
    57      1   -13.8203173864   0.000000995205       0.0001  NNNRSK
    58      1   -12.8535409543   0.000002616846       0.0003  PPAPPN
    59      1    -7.5303880556   0.000536530013       0.0687  PPPPPR
    60      1   -15.6354060551   0.000000162043       0.0000  QQQGSE
    61      1   -11.7538525813   0.000007858989       0.0010  QQQKRK
    62      1    -9.5161673958   0.000073651401       0.0094  QQQQED
    63      1    -6.7168324105   0.001210366091       0.1549  QQQQQK
    64      1    -4.7119727533   0.008987030888       1.1503  QQQQQQ
    65      1   -13.0785747696   0.000002089523       0.0003  RHRRKK
    66      1   -13.7707613635   0.000001045766       0.0001  RRRQKV
    67      1    -6.7070636056   0.001222247862       0.1564  RRRRKR
    68      1    -7.3919815637   0.000616173755       0.0789  RRRRRH
    69      1    -5.7942938368   0.003044879850       0.3897  RRRRRK
    70      1   -10.6916628804   0.000022733683       0.0029  RRRRTS
    71      1    -9.6397695651   0.000065088052       0.0083  SNSSSS
    72      1   -14.8846112790   0.000000343317       0.0000  SSRRSR
    73      1   -10.3672668400   0.000031445117       0.0040  SSRSSS
    74      1   -12.0330447815   0.000005944496       0.0008  SSSPSM
    75      1    -6.5953019441   0.001366774159       0.1749  SSSSSN
    76      3    -4.7199976659   0.008915199358       1.1411  SSSSSS
    77      1   -13.5323659163   0.000001327297       0.0002  TTTRTF
    78      1    -7.5789921365   0.000511076058       0.0654  TTTTTK
    79      1    -6.1977913394   0.002033917913       0.2603  TTTTTS
    80      1    -4.7366558194   0.008767918716       1.1223  TTTTTT
    81      1   -15.0254769357   0.000000298207       0.0000  VIIVVY
    82      1   -12.6772291052   0.000003121399       0.0004  VVMVLV
    83      1    -7.4421631118   0.000586016207       0.0750  VVVIVI
    84      1    -8.1840673788   0.000279064567       0.0357  VVVIVL
    85      1   -13.1420942325   0.000001960925       0.0003  VVVKVS
    86      1    -9.1211475051   0.000109329150       0.0140  VVVLVL
    87      1    -6.3607613441   0.001728050570       0.2212  VVVVIV
    88      1    -7.7216179125   0.000443143057       0.0567  VVVVLL
    89      1    -8.6980005163   0.000166919230       0.0214  VVVVVK
    90      1    -4.4324005815   0.011885922273       1.5214  VVVVVV
    91      1   -15.9416112475   0.000000119302       0.0000  WWWHWY
    92      4    -4.7126725856   0.008980743674       1.1495  WWWWWW
    93      1   -10.8648896618   0.000019117820       0.0024  YYYYWW
    94      2    -6.3130421812   0.001812510857       0.2320  YYYYYF
    95      1    -9.1366626395   0.000107645984       0.0138  YYYYYG
    96      2    -4.3177514243   0.013329822985       1.7062  YYYYYY