

TREE # 1

  0  0.0000    905.685256  x:  0.05236   0.02818   0.03462   0.03499   0.06161   0.03419   0.06023   0.03005   0.11670   0.03856   0.02474   3.00000   1.13461   0.04934   0.21362   2.18302  
  1 99.0000    905.012606  x:  0.06365   0.02368   0.03897   0.04628   0.06990   0.04500   0.05402   0.02209   0.12031   0.04077   0.02220   3.00058   1.13353   0.05028   0.21341   2.18311  
  2 57.1144    904.947047  x:  0.06726   0.02624   0.03873   0.04429   0.07410   0.04374   0.05119   0.02107   0.12212   0.04112   0.02418   3.00123   1.13235   0.05132   0.21333   2.18322  
  3 18.4913    904.931216  x:  0.06836   0.02487   0.03826   0.04298   0.07599   0.04280   0.05095   0.02154   0.12299   0.04079   0.02293   3.00192   1.13109   0.05242   0.21329   2.18333  
  4 10.2301    904.908572  x:  0.06801   0.02468   0.03917   0.04206   0.07770   0.04284   0.05425   0.02023   0.12523   0.04128   0.02319   3.00589   1.12392   0.05872   0.21294   2.18398  
  5  5.3842    904.813362  x:  0.06716   0.02668   0.03977   0.04475   0.07972   0.04360   0.05696   0.02565   0.13172   0.04174   0.02328   3.02628   1.08721   0.09096   0.21091   2.18732  
  6 24.9989    904.277020  x:  0.06032   0.02522   0.03438   0.04844   0.07372   0.04107   0.05107   0.02245   0.15304   0.04086   0.02364   3.13717   0.88772   0.26609   0.19840   2.20552  
  7 131.7774    903.765673  x:  0.06463   0.02490   0.04552   0.04006   0.06741   0.04556   0.04806   0.02446   0.15178   0.04089   0.02220   3.24749   0.69034   0.43929   0.18135   2.22360  
  8 259.8168    903.269591  x:  0.07162   0.02365   0.03761   0.04240   0.07219   0.04553   0.05465   0.02477   0.13304   0.04337   0.02651   3.35402   0.50163   0.60471   0.15875   2.24105  
  9 253.8151    903.175553  x:  0.07026   0.02704   0.03797   0.04441   0.07532   0.04366   0.05520   0.02305   0.12853   0.04170   0.02274   3.37453   0.46620   0.63569   0.15221   2.24441  
 10 139.7222    903.133041  x:  0.06666   0.02556   0.04023   0.04549   0.07858   0.04259   0.05367   0.02324   0.12688   0.04082   0.02443   3.38466   0.45047   0.64926   0.14482   2.24606  
 11 34.4040    903.011078  x:  0.06101   0.02622   0.03743   0.04234   0.08137   0.04868   0.05145   0.02389   0.12898   0.04214   0.02345   3.41701   0.40714   0.68591   0.10551   2.25132  
 12 25.3077    902.515312  x:  0.06111   0.02576   0.03775   0.04337   0.07799   0.04636   0.05152   0.02480   0.13826   0.04214   0.02318   3.49912   0.30000   0.77616   0.00000   2.26468  
 13 135.2297    902.507199  x:  0.06091   0.02575   0.03803   0.04346   0.07805   0.04570   0.05122   0.02480   0.13789   0.04457   0.02266   3.50516   0.30377   0.77163   0.00000   2.26556  
 14  1.3802    901.948322  x:  0.06548   0.02572   0.03853   0.04327   0.07874   0.04569   0.05186   0.02281   0.12883   0.04231   0.02340   4.01444   0.45306   0.55146   0.00000   2.34084  
 15 19.3152    901.814613  x:  0.06982   0.02558   0.03940   0.04399   0.07638   0.04375   0.05231   0.02188   0.12545   0.04147   0.02371   4.35306   0.23564   0.50088   0.00000   2.56303  
 16  0.5055    901.683867  x:  0.07189   0.02553   0.04079   0.04564   0.07615   0.04294   0.05278   0.02165   0.12962   0.04199   0.02365   4.57484  -0.13663  -0.00313   0.00000   3.30021  
 17  0.3264    901.594053  x:  0.06886   0.02562   0.03919   0.04426   0.07896   0.04535   0.05213   0.02250   0.12778   0.04209   0.02356   4.49828  -0.59239  -0.38179   0.00000   4.03179  
 18  0.3940    901.583297  x:  0.06904   0.02567   0.03955   0.04439   0.07727   0.04380   0.05240   0.02199   0.12729   0.04181   0.02365   4.39514  -0.64005  -0.43840   0.00000   4.18316  
 19  0.1379    901.581017  x:  0.06965   0.02559   0.03962   0.04427   0.07724   0.04445   0.05228   0.02245   0.12803   0.04185   0.02364   4.36523  -0.62709  -0.42696   0.00000   4.34544  
 20  0.0441    901.567475  x:  0.07013   0.02557   0.03963   0.04490   0.07862   0.04435   0.05229   0.02165   0.12676   0.04190   0.02354   4.39112  -0.33402  -0.13092   0.00000   5.01068  
 21  0.0982    901.563628  x:  0.06969   0.02564   0.03964   0.04468   0.07878   0.04404   0.05238   0.02169   0.12728   0.04186   0.02364   4.40453  -0.13632   0.06524   0.00000   5.55632  
 22  0.5013    901.562850  x:  0.06936   0.02565   0.03956   0.04446   0.07853   0.04398   0.05237   0.02186   0.12743   0.04183   0.02366   4.40657  -0.17692   0.02214   0.00000   5.69305  
 23  0.1162    901.562794  x:  0.06943   0.02563   0.03955   0.04449   0.07860   0.04405   0.05235   0.02183   0.12735   0.04184   0.02363   4.40873  -0.15995   0.04028   0.00000   5.78323  
 24  0.0652    901.562791  x:  0.06944   0.02563   0.03956   0.04451   0.07863   0.04404   0.05236   0.02182   0.12736   0.04184   0.02364   4.40863  -0.16189   0.03849   0.00000   5.78724  
 25  0.0041    901.562791  x:  0.06944   0.02563   0.03956   0.04451   0.07863   0.04404   0.05236   0.02182   0.12736   0.04184   0.02364   4.40862  -0.16182   0.03856   0.00000   5.78753  
 26  0.0003    901.562791  x:  0.06944   0.02563   0.03956   0.04451   0.07863   0.04404   0.05236   0.02182   0.12736   0.04184   0.02364   4.40861  -0.16181   0.03856   0.00000   5.78754  