Supplemental results for CODEML (seqf: /home/yitzhak/Dropbox/AvesAlignments/AlignmentProcessor0.5/bin/paml4.8/examples/lysozyme/lysozymeSmall.txt  treef: /home/yitzhak/Dropbox/AvesAlignments/AlignmentProcessor0.5/bin/paml4.8/examples/lysozyme/lysozymeSmall.trees)


dN/dS (w) for site classes (K=4)

site class             0        1       2a       2b
proportion       0.29433  0.35964  0.15574  0.19029
background w     0.00000  1.00000  0.00000  1.00000
foreground w     0.00000  1.00000  5.78754  5.78754

Naive Empirical Bayes (NEB) probabilities for 4 classes
(amino acids refer to 1st sequence: Hsa_Human)

   1 K   0.41055 0.27882 0.18270 0.12792 ( 1)
   2 V   0.00000 0.67408 0.00000 0.32592 ( 2)
   3 F   0.37662 0.30305 0.17577 0.14457 ( 1)
   4 E   0.43980 0.25807 0.18769 0.11443 ( 1)
   5 R   0.40910 0.27987 0.18242 0.12861 ( 1)
   6 C   0.40530 0.28254 0.18173 0.13043 ( 1)
   7 E   0.41205 0.27775 0.18298 0.12722 ( 1)
   8 L   0.33216 0.33373 0.16581 0.16829 ( 2)
   9 A   0.37470 0.30407 0.17564 0.14559 ( 1)
  10 R   0.43058 0.26463 0.18619 0.11860 ( 1)
  11 T   0.40841 0.28037 0.18229 0.12894 ( 1)
  12 L   0.32070 0.34164 0.16290 0.17477 ( 2)
  13 K   0.43828 0.25917 0.18743 0.11511 ( 1)
  14 R   0.00000 0.13911 0.51902 0.34187 ( 3)
  15 L   0.00000 0.66478 0.00000 0.33522 ( 2)
  16 G   0.41214 0.27752 0.18314 0.12721 ( 1)
  17 M   0.00000 0.66154 0.00000 0.33846 ( 2)
  18 D   0.47838 0.23076 0.19307 0.09779 ( 1)
  19 G   0.40742 0.28090 0.18223 0.12944 ( 1)
  20 Y   0.36903 0.30802 0.17444 0.14851 ( 1)
  21 R   0.00000 0.13957 0.50324 0.35720 ( 3)
  22 G   0.41214 0.27752 0.18314 0.12721 ( 1)
  23 I   0.00000 0.14352 0.47152 0.38497 ( 3)
  24 S   0.42574 0.26810 0.18535 0.12081 ( 1)
  25 L   0.32896 0.33595 0.16501 0.17008 ( 2)
  26 A   0.38295 0.29828 0.17736 0.14141 ( 1)
  27 N   0.42900 0.26576 0.18592 0.11932 ( 1)
  28 W   0.34596 0.32417 0.16917 0.16070 ( 1)
  29 M   0.00000 0.66983 0.00000 0.33017 ( 2)
  30 C   0.40530 0.28254 0.18173 0.13043 ( 1)
  31 L   0.33216 0.33373 0.16581 0.16829 ( 2)
  32 A   0.37470 0.30407 0.17564 0.14559 ( 1)
  33 K   0.43828 0.25917 0.18743 0.11511 ( 1)
  34 W   0.34596 0.32417 0.16917 0.16070 ( 1)
  35 E   0.41205 0.27775 0.18298 0.12722 ( 1)
  36 S   0.47359 0.23425 0.19239 0.09977 ( 1)
  37 G   0.00000 0.40607 0.00000 0.59393 ( 4)
  38 Y   0.40103 0.28575 0.18074 0.13248 ( 1)
  39 N   0.42900 0.26576 0.18592 0.11932 ( 1)
  40 T   0.38168 0.29918 0.17709 0.14204 ( 1)
  41 R   0.00000 0.25958 0.00000 0.74042 ( 4)
  42 A   0.41004 0.27921 0.18259 0.12816 ( 1)
  43 T   0.38168 0.29918 0.17709 0.14204 ( 1)
  44 N   0.42900 0.26576 0.18592 0.11932 ( 1)
  45 Y   0.36903 0.30802 0.17444 0.14851 ( 1)
  46 N   0.47711 0.23170 0.19288 0.09831 ( 1)
  47 A   0.00000 0.67271 0.00000 0.32729 ( 2)
  48 G   0.41214 0.27752 0.18314 0.12721 ( 1)
  49 D   0.43191 0.26325 0.18682 0.11802 ( 1)
  50 R   0.00000 0.27366 0.00000 0.72634 ( 4)
  51 S   0.42574 0.26810 0.18535 0.12081 ( 1)
  52 T   0.40841 0.28037 0.18229 0.12894 ( 1)
  53 D   0.47838 0.23076 0.19307 0.09779 ( 1)
  54 Y   0.40188 0.28491 0.18112 0.13209 ( 1)
  55 G   0.38934 0.29368 0.17873 0.13824 ( 1)
  56 I   0.40709 0.28130 0.18204 0.12957 ( 1)
  57 F   0.37754 0.30213 0.17620 0.14413 ( 1)
  58 Q   0.34232 0.32671 0.16829 0.16268 ( 1)
  59 I   0.38016 0.30024 0.17679 0.14281 ( 1)
  60 N   0.47711 0.23170 0.19288 0.09831 ( 1)
  61 S   0.42574 0.26810 0.18535 0.12081 ( 1)
  62 R   0.00000 0.42678 0.00000 0.57322 ( 4)
  63 Y   0.37591 0.30119 0.17769 0.14521 ( 1)
  64 W   0.34596 0.32417 0.16917 0.16070 ( 1)
  65 C   0.40530 0.28254 0.18173 0.13043 ( 1)
  66 N   0.47511 0.23367 0.19207 0.09915 ( 1)
  67 D   0.00000 0.70167 0.00000 0.29833 ( 2)
  68 G   0.40742 0.28090 0.18223 0.12944 ( 1)
  69 K   0.00000 0.69237 0.00000 0.30763 ( 2)
  70 T   0.37355 0.30489 0.17539 0.14618 ( 1)
  71 P   0.34546 0.32453 0.16904 0.16097 ( 1)
  72 G   0.41214 0.27752 0.18314 0.12721 ( 1)
  73 A   0.38295 0.29828 0.17736 0.14141 ( 1)
  74 V   0.41095 0.27851 0.18280 0.12774 ( 1)
  75 N   0.00000 0.68785 0.00000 0.31215 ( 2)
  76 A   0.37470 0.30407 0.17564 0.14559 ( 1)
  77 C   0.40530 0.28254 0.18173 0.13043 ( 1)
  78 H   0.40920 0.27990 0.18236 0.12854 ( 1)
  79 L   0.00000 0.68464 0.00000 0.31536 ( 2)
  80 S   0.34545 0.32452 0.16905 0.16098 ( 1)
  81 C   0.37293 0.30532 0.17526 0.14649 ( 1)
  82 S   0.00000 0.68768 0.00000 0.31232 ( 2)
  83 A   0.41004 0.27921 0.18259 0.12816 ( 1)
  84 L   0.33216 0.33373 0.16581 0.16829 ( 2)
  85 L   0.32070 0.34164 0.16290 0.17477 ( 2)
  86 Q   0.35400 0.31858 0.17104 0.15638 ( 1)
  87 D   0.00000 0.12941 0.57234 0.29826 ( 3)
  88 N   0.00000 0.69007 0.00000 0.30992 ( 2)
  89 I   0.38016 0.30024 0.17679 0.14281 ( 1)
  90 A   0.00000 0.68534 0.00000 0.31465 ( 2)
  91 D   0.00000 0.70236 0.00000 0.29764 ( 2)
  92 A   0.41004 0.27921 0.18259 0.12816 ( 1)
  93 V   0.37920 0.30218 0.17546 0.14315 ( 1)
  94 A   0.00000 0.66505 0.00000 0.33495 ( 2)
  95 C   0.40530 0.28254 0.18173 0.13043 ( 1)
  96 A   0.38295 0.29828 0.17736 0.14141 ( 1)
  97 K   0.41055 0.27882 0.18270 0.12792 ( 1)
  98 R   0.40910 0.27987 0.18242 0.12861 ( 1)
  99 V   0.41095 0.27851 0.18280 0.12774 ( 1)
 100 V   0.37538 0.30357 0.17581 0.14525 ( 1)
 101 R   0.00000 0.69900 0.00000 0.30099 ( 2)
 102 D   0.47838 0.23076 0.19307 0.09779 ( 1)
 103 P   0.34546 0.32453 0.16904 0.16097 ( 1)
 104 Q   0.35400 0.31858 0.17104 0.15638 ( 1)
 105 G   0.40742 0.28090 0.18223 0.12944 ( 1)
 106 I   0.00000 0.67770 0.00000 0.32229 ( 2)
 107 R   0.37747 0.26077 0.21240 0.14936 ( 1)
 108 A   0.38295 0.29828 0.17736 0.14141 ( 1)
 109 W   0.34596 0.32417 0.16917 0.16070 ( 1)
 110 V   0.36233 0.31272 0.17296 0.15199 ( 1)
 111 A   0.38295 0.29828 0.17736 0.14141 ( 1)
 112 W   0.34596 0.32417 0.16917 0.16070 ( 1)
 113 R   0.00000 0.67636 0.00000 0.32364 ( 2)
 114 N   0.00000 0.69660 0.00000 0.30340 ( 2)
 115 R   0.00000 0.67680 0.00000 0.32320 ( 2)
 116 C   0.40530 0.28254 0.18173 0.13043 ( 1)
 117 Q   0.35400 0.31858 0.17104 0.15638 ( 1)
 118 N   0.42900 0.26576 0.18592 0.11932 ( 1)
 119 R   0.00000 0.68039 0.00000 0.31961 ( 2)
 120 D   0.47838 0.23076 0.19307 0.09779 ( 1)
 121 V   0.00000 0.67637 0.00000 0.32362 ( 2)
 122 R   0.00000 0.70126 0.00000 0.29874 ( 2)
 123 Q   0.34232 0.32671 0.16829 0.16268 ( 1)
 124 Y   0.40043 0.28630 0.18051 0.13276 ( 1)
 125 V   0.00000 0.68555 0.00000 0.31445 ( 2)
 126 Q   0.00000 0.29688 0.00000 0.70312 ( 4)
 127 G   0.45592 0.24654 0.19020 0.10734 ( 1)
 128 C   0.40530 0.28254 0.18173 0.13043 ( 1)
 129 G   0.41214 0.27752 0.18314 0.12721 ( 1)
 130 V   0.37002 0.30547 0.17627 0.14823 ( 1)


lnL =  -901.562791

Bayes Empirical Bayes (BEB) probabilities for 4 classes (class)
(amino acids refer to 1st sequence: Hsa_Human)

   1 K   0.42611 0.24310 0.21018 0.12061 ( 1)
   2 V   0.14987 0.50720 0.07802 0.26492 ( 2)
   3 F   0.40066 0.26042 0.20548 0.13344 ( 1)
   4 E   0.44792 0.22832 0.21359 0.11017 ( 1)
   5 R   0.42504 0.24385 0.20997 0.12113 ( 1)
   6 C   0.42219 0.24576 0.20952 0.12254 ( 1)
   7 E   0.42722 0.24234 0.21037 0.12007 ( 1)
   8 L   0.36676 0.28252 0.19897 0.15174 ( 1)
   9 A   0.39916 0.26115 0.20547 0.13423 ( 1)
  10 R   0.44106 0.23299 0.21255 0.11340 ( 1)
  11 T   0.42452 0.24421 0.20989 0.12138 ( 1)
  12 L   0.35792 0.28828 0.19705 0.15676 ( 1)
  13 K   0.44680 0.22910 0.21340 0.11069 ( 1)
  14 R   0.05287 0.15184 0.51413 0.28116 ( 3)
  15 L   0.06377 0.58477 0.03464 0.31682 ( 2)
  16 G   0.42718 0.24220 0.21052 0.12010 ( 1)
  17 M   0.06333 0.58232 0.03490 0.31944 ( 2)
  18 D   0.47664 0.20880 0.21740 0.09717 ( 1)
  19 G   0.42369 0.24460 0.20989 0.12181 ( 1)
  20 Y   0.39486 0.26398 0.20468 0.13649 ( 1)
  21 R   0.05043 0.15158 0.50548 0.29251 ( 3)
  22 G   0.42718 0.24220 0.21052 0.12010 ( 1)
  23 I   0.04683 0.15420 0.48598 0.31299 ( 3)
  24 S   0.43747 0.23546 0.21196 0.11510 ( 1)
  25 L   0.36429 0.28413 0.19844 0.15313 ( 1)
  26 A   0.40538 0.25700 0.20661 0.13101 ( 1)
  27 N   0.43989 0.23380 0.21236 0.11396 ( 1)
  28 W   0.37734 0.27560 0.20119 0.14588 ( 1)
  29 M   0.15537 0.49792 0.08245 0.26427 ( 2)
  30 C   0.42219 0.24576 0.20952 0.12254 ( 1)
  31 L   0.36676 0.28252 0.19897 0.15174 ( 1)
  32 A   0.39916 0.26115 0.20547 0.13423 ( 1)
  33 K   0.44680 0.22910 0.21340 0.11069 ( 1)
  34 W   0.37734 0.27560 0.20119 0.14588 ( 1)
  35 E   0.42722 0.24234 0.21037 0.12007 ( 1)
  36 S   0.47314 0.21129 0.21687 0.09870 ( 1)
  37 G   0.02401 0.39080 0.06652 0.51867 ( 4)
  38 Y   0.41898 0.24806 0.20882 0.12414 ( 1)
  39 N   0.43989 0.23380 0.21236 0.11396 ( 1)
  40 T   0.40444 0.25764 0.20643 0.13150 ( 1)
  41 R   0.01369 0.27318 0.07518 0.63795 ( 4)
  42 A   0.42574 0.24338 0.21009 0.12079 ( 1)
  43 T   0.40444 0.25764 0.20643 0.13150 ( 1)
  44 N   0.43989 0.23380 0.21236 0.11396 ( 1)
  45 Y   0.39486 0.26398 0.20468 0.13649 ( 1)
  46 N   0.47572 0.20947 0.21725 0.09757 ( 1)
  47 A   0.14814 0.50775 0.07755 0.26656 ( 2)
  48 G   0.42718 0.24220 0.21052 0.12010 ( 1)
  49 D   0.44198 0.23202 0.21305 0.11296 ( 1)
  50 R   0.01788 0.27553 0.10668 0.59991 ( 4)
  51 S   0.43747 0.23546 0.21196 0.11510 ( 1)
  52 T   0.42452 0.24421 0.20989 0.12138 ( 1)
  53 D   0.47664 0.20880 0.21740 0.09717 ( 1)
  54 Y   0.41959 0.24745 0.20913 0.12383 ( 1)
  55 G   0.41014 0.25372 0.20755 0.12859 ( 1)
  56 I   0.42354 0.24487 0.20972 0.12187 ( 1)
  57 F   0.40133 0.25975 0.20582 0.13310 ( 1)
  58 Q   0.37456 0.27743 0.20061 0.14740 ( 1)
  59 I   0.40328 0.25840 0.20623 0.13209 ( 1)
  60 N   0.47572 0.20947 0.21725 0.09757 ( 1)
  61 S   0.43747 0.23546 0.21196 0.11510 ( 1)
  62 R   0.03926 0.37752 0.12287 0.46035 ( 4)
  63 Y   0.39980 0.25906 0.20723 0.13392 ( 1)
  64 W   0.37734 0.27560 0.20119 0.14588 ( 1)
  65 C   0.42219 0.24576 0.20952 0.12254 ( 1)
  66 N   0.47426 0.21091 0.21658 0.09824 ( 1)
  67 D   0.19311 0.48874 0.08835 0.22979 ( 2)
  68 G   0.42369 0.24460 0.20989 0.12181 ( 1)
  69 K   0.17807 0.49545 0.08516 0.24133 ( 2)
  70 T   0.39829 0.26173 0.20530 0.13468 ( 1)
  71 P   0.37696 0.27586 0.20110 0.14608 ( 1)
  72 G   0.42718 0.24220 0.21052 0.12010 ( 1)
  73 A   0.40538 0.25700 0.20661 0.13101 ( 1)
  74 V   0.42639 0.24289 0.21025 0.12048 ( 1)
  75 N   0.19323 0.47633 0.09436 0.23608 ( 2)
  76 A   0.39916 0.26115 0.20547 0.13423 ( 1)
  77 C   0.42219 0.24576 0.20952 0.12254 ( 1)
  78 H   0.42517 0.24387 0.20991 0.12106 ( 1)
  79 L   0.16035 0.50623 0.07949 0.25393 ( 2)
  80 S   0.37695 0.27585 0.20111 0.14609 ( 1)
  81 C   0.39783 0.26203 0.20521 0.13492 ( 1)
  82 S   0.08220 0.58641 0.04028 0.29110 ( 2)
  83 A   0.42574 0.24338 0.21009 0.12079 ( 1)
  84 L   0.36676 0.28252 0.19897 0.15174 ( 1)
  85 L   0.35792 0.28828 0.19705 0.15676 ( 1)
  86 Q   0.38348 0.27156 0.20242 0.14254 ( 1)
  87 D   0.05891 0.14478 0.54665 0.24966 ( 3)
  88 N   0.17496 0.49652 0.08456 0.24396 ( 2)
  89 I   0.40328 0.25840 0.20623 0.13209 ( 1)
  90 A   0.16636 0.50088 0.08219 0.25057 ( 2)
  91 D   0.08415 0.59713 0.03858 0.28014 ( 2)
  92 A   0.42574 0.24338 0.21009 0.12079 ( 1)
  93 V   0.40270 0.25981 0.20510 0.13239 ( 1)
  94 A   0.15864 0.49064 0.08565 0.26508 ( 2)
  95 C   0.42219 0.24576 0.20952 0.12254 ( 1)
  96 A   0.40538 0.25700 0.20661 0.13101 ( 1)
  97 K   0.42611 0.24310 0.21018 0.12061 ( 1)
  98 R   0.42504 0.24385 0.20997 0.12113 ( 1)
  99 V   0.42639 0.24289 0.21025 0.12048 ( 1)
 100 V   0.39966 0.26078 0.20558 0.13398 ( 1)
 101 R   0.17153 0.50772 0.07953 0.24123 ( 2)
 102 D   0.47664 0.20880 0.21740 0.09717 ( 1)
 103 P   0.37696 0.27586 0.20110 0.14608 ( 1)
 104 Q   0.38348 0.27156 0.20242 0.14254 ( 1)
 105 G   0.42369 0.24460 0.20989 0.12181 ( 1)
 106 I   0.16726 0.49315 0.08557 0.25402 ( 2)
 107 R   0.39181 0.22722 0.24183 0.13914 ( 1)
 108 A   0.40538 0.25700 0.20661 0.13101 ( 1)
 109 W   0.37734 0.27560 0.20119 0.14588 ( 1)
 110 V   0.38978 0.26735 0.20370 0.13917 ( 1)
 111 A   0.40538 0.25700 0.20661 0.13101 ( 1)
 112 W   0.37734 0.27560 0.20119 0.14588 ( 1)
 113 R   0.07589 0.58290 0.03915 0.30207 ( 2)
 114 N   0.04319 0.63278 0.02030 0.30372 ( 2)
 115 R   0.15926 0.50036 0.08181 0.25858 ( 2)
 116 C   0.42219 0.24576 0.20952 0.12254 ( 1)
 117 Q   0.38348 0.27156 0.20242 0.14254 ( 1)
 118 N   0.43989 0.23380 0.21236 0.11396 ( 1)
 119 R   0.17354 0.48928 0.08771 0.24947 ( 2)
 120 D   0.47664 0.20880 0.21740 0.09717 ( 1)
 121 V   0.15265 0.50652 0.07859 0.26225 ( 2)
 122 R   0.18625 0.49513 0.08549 0.23313 ( 2)
 123 Q   0.37456 0.27743 0.20061 0.14740 ( 1)
 124 Y   0.41855 0.24845 0.20865 0.12436 ( 1)
 125 V   0.16688 0.50052 0.08238 0.25022 ( 2)
 126 Q   0.02740 0.27366 0.16275 0.53619 ( 4)
 127 G   0.45984 0.22011 0.21537 0.10468 ( 1)
 128 C   0.42219 0.24576 0.20952 0.12254 ( 1)
 129 G   0.42718 0.24220 0.21052 0.12010 ( 1)
 130 V   0.39537 0.26213 0.20626 0.13624 ( 1)

